24 120
10 10 10 10 10 11 1 3 -10 4 -10 -10 2 -10 2 1 1 2 -10 2 0 0 0 0 
10 11 11 11 10 11 -10 4 -10 -10 4 3 3 1 2 -10 2 3 -10 2 0 0 0 0 
10 11 -110 11 10 11 1 3 -10 4 3 -10 1 1 2 3 -10 2 1 1 0 1 1 1 
11 12 2 11 11 11 1 1 2 -10 3 2 2 2 -10 3 2 3 2 1 0 1 -10 2 
1 -10 3 2 2 -10 1 0 1 2 3 -10 1 2 -10 3 2 -10 -10 1 0 1 2 -10 
1 2 -10 -10 2 1 1 0 1 2 -10 2 1 1 1 2 -10 3 2 1 0 0 1 1 
0 1 3 3 2 1 1 2 2 -10 3 2 1 0 0 1 1 1 0 1 1 1 1 1 
0 0 1 -10 2 2 -10 3 -10 4 4 -10 3 2 2 2 2 1 2 2 -10 1 2 -10 
1 1 2 1 2 -10 2 3 -10 3 -10 -10 -10 3 -10 -10 2 -10 2 -10 3 2 3 -10 
1 -10 1 1 2 2 1 2 3 4 4 4 5 -10 4 3 4 3 3 1 2 -10 2 1 
3 4 4 3 -10 2 2 2 -10 -10 2 -10 3 -10 2 1 -10 -10 2 1 2 2 3 1 
-10 -10 -10 -10 3 -10 2 -10 3 2 2 2 4 3 2 1 2 4 -10 3 2 -10 2 -10 
2 3 3 2 2 1 2 2 2 2 1 3 -10 -10 1 0 0 2 -10 3 -10 2 2 1 
0 0 1 1 2 1 1 1 -10 2 -10 3 -10 3 1 0 0 1 1 2 1 2 1 1 
0 0 1 -10 2 -10 2 3 2 4 2 3 1 1 0 0 0 0 1 2 2 3 -10 3 
0 0 1 1 2 2 -10 2 -10 3 -10 1 1 1 1 0 0 0 1 -10 -10 3 -10 -10 
0 0 0 1 1 3 3 5 4 -10 2 2 3 -10 2 1 1 1 1 2 2 2 2 2 
1 1 1 2 -10 3 -10 -10 -10 2 1 1 -10 -10 3 2 -10 1 0 0 0 0 0 0 
1 -10 2 4 -10 4 2 4 3 2 0 1 2 3 -10 2 1 2 1 1 0 0 1 1 
2 3 4 -10 -10 2 0 1 -10 1 1 1 1 2 3 3 1 2 -10 2 1 1 2 -10 
2 -10 -10 3 3 2 1 1 1 2 2 -10 1 2 -10 -10 2 3 -10 2 1 -10 3 2 
-10 3 2 2 2 -10 1 0 0 1 -10 3 2 3 -10 3 2 -10 2 1 2 2 3 -10 
1 2 1 2 -10 3 2 1 2 3 2 2 -10 3 2 2 2 2 2 0 1 -10 2 1 
0 1 -10 2 2 -10 1 1 -10 -10 1 1 1 2 -10 1 1 -10 1 0 1 1 1 0 
